また3位決定戦の第4試合で、まるでコーチのように伊藤美誠(スターツ)にアドバイ
スを送っていたことについて問われると、「自分を信じるように、と話した」と答え
た。
福原はリオに入る前、銀メダルを獲得した2012年ロンドン五輪とはメダルの色を
換えたいと、繰り返し口にしていた。ロンドン超えの金メダルを夢見ていた。
結果は銅メダルだったが、その表情にはうれしさと安堵の色がにじんでいた。
インタビューのたびに声を震わせていた福原だが、「銅メダルも金に相当する。だっ
て、銅の字を分解すると、『金と同じ』じゃない?」-。中
中国メディアは改めて、福原の中国語能力の高さに感嘆していた。
在深入学习贯彻党的十九届四中全会精神之际,我们迎来第六个国家宪
法日。弘扬宪法精神,树立宪法权威,全面贯彻实施宪法,是建设社会
主义法治国家的首要任务和基础性工作,也是坚持和完善中国特色社会
主义制度、推进国家治理体系和治理能力现代化的必然要求。
The largest luxury goods deal to date gives LVMH's billionaire owner Bernard
Arnault a bigger slice of one of the fastest growing upmarket sectors.
He said Tiffany had an "unparalleled heritage" and fitted with his other
brands.
Tiffany has been hit by lower spending by tourists and a strong US dollar.
Tiffany is something of a New York institution and its flagship store is next
to Trump Tower on 5th Avenue. The company hit global fame after being
featured in the 1961 Audrey Hepburn film Breakfast at Tiffany's.
ص اخلا اوړيرقت ياكريم الاپ اونلاسل جم يفتار اب ختس إلا تن جل ترشي
علج ، اين املری بهارت دلانيد سهيلا تيك لحم في الكما بیف قیقحتلاب
الدليل الط مصنع مادختسال ار شا رعتسا ادمج لذت سيرلان هیف
.2020 يا اختنا يحف، وتحل صعل يللا
هزار كوالا مريظن ولع طرتشا بھارت سریلانا بیرقتلا لاقي
   (8,7),(578,7),(578,850),(8,850)
また3位決定戦の第4試合で   (18,7),(199,7),(199,24),(18,24)
、   (204,7),(208,7),(208,24),(204,24)
まるでコーチのように伊藤美誠   (214,7),(410,7),(410,24),(214,24)
(   (418,7),(422,7),(422,24),(418,24)
スターツ   (426,7),(480,7),(480,24),(426,24)
)   (483,7),(487,7),(487,24),(483,24)
にアドバイ   (498,7),(559,7),(559,24),(498,24)
スを送っていたことについて問われると   (22,28),(270,27),(270,45),(22,46)
、   (274,28),(278,28),(278,45),(274,45)
「   (290,28),(294,28),(294,45),(290,45)
自分を信じるように   (299,27),(425,27),(425,45),(299,45)
、   (429,27),(433,27),(433,44),(429,44)
と話した   (439,27),(494,27),(494,44),(439,44)
」   (499,27),(503,27),(503,44),(499,44)
と答え   (512,27),(549,27),(549,44),(512,44)
た   (25,50),(28,50),(28,64),(25,64)
。   (37,50),(40,50),(40,64),(37,64)
福原はリオに入る前   (33,68),(157,68),(157,84),(33,84)
、   (162,68),(166,68),(166,84),(162,84)
銀メダルを獲得した2012年ロンドン五輪とはメダルの色を   (174,68),(565,68),(565,84),(174,84)
換えたいと   (20,90),(86,90),(86,107),(20,107)
、   (91,90),(95,90),(95,107),(91,107)
繰り返し口にしていた   (105,90),(241,90),(241,107),(105,107)
。   (244,90),(248,90),(248,107),(244,107)
ロンドン超えの金メダルを夢見ていた   (258,90),(492,90),(492,107),(258,107)
。   (496,90),(500,90),(500,107),(496,107)
結果は銅メダルだったが   (35,111),(186,111),(186,128),(35,128)
、   (189,111),(193,111),(193,128),(189,128)
その表情にはうれしさと安堵の色がにじんでいた   (198,111),(507,111),(507,128),(198,128)
。   (511,111),(515,111),(515,128),(511,128)
インタビューのたびに声を震わせていた福原だが   (33,131),(339,132),(339,150),(33,149)
、   (345,132),(349,132),(349,149),(345,149)
「   (361,132),(365,132),(365,149),(361,149)
銅メダルも金に相当する   (373,132),(521,133),(521,151),(373,150)
。   (527,133),(531,133),(531,150),(527,150)
だっ   (539,133),(564,133),(564,150),(539,150)
て   (22,153),(26,153),(26,170),(22,170)
、   (35,153),(39,153),(39,170),(35,170)
銅の字を分解すると   (50,153),(172,153),(172,170),(50,170)
、   (175,153),(179,153),(179,170),(175,170)
『   (191,153),(195,153),(195,170),(191,170)
金と同じ   (200,153),(255,153),(255,170),(200,170)
』   (260,153),(264,153),(264,170),(260,170)
じゃない   (273,153),(324,153),(324,170),(273,170)
?   (332,153),(336,153),(336,170),(332,170)
」   (344,153),(348,153),(348,170),(344,170)
-   (359,153),(363,153),(363,170),(359,170)
。   (371,153),(375,153),(375,170),(371,170)
中   (384,153),(388,153),(388,170),(384,170)
中国メディアは改めて   (33,174),(169,174),(169,190),(33,190)
、   (176,174),(180,174),(180,190),(176,190)
福原の中国語能力の高さに感嘆していた   (188,174),(436,174),(436,190),(188,190)
。   (441,174),(445,174),(445,190),(441,190)
在深入学习贯彻党的十九届四中全会精神之际   (13,224),(373,224),(373,243),(13,243)
,   (379,224),(384,224),(384,243),(379,243)
我们迎来第六个国家宪   (388,224),(562,224),(562,243),(388,243)
法日   (21,266),(43,266),(43,286),(21,286)
。   (57,266),(62,266),(62,286),(57,286)
弘扬宪法精神   (75,266),(171,266),(171,286),(75,286)
,   (183,266),(188,266),(188,286),(183,286)
树立宪法权威   (194,266),(297,266),(297,286),(194,286)
,   (305,266),(310,266),(310,286),(305,286)
全面贯彻实施宪法   (314,266),(459,266),(459,286),(314,286)
,   (469,266),(474,266),(474,286),(469,286)
是建设社会   (475,266),(562,266),(562,286),(475,286)
主义法治国家的首要任务和基础性工作   (14,307),(324,307),(324,326),(14,326)
,   (324,307),(329,307),(329,326),(324,326)
也是坚持和完善中国特色社会   (347,307),(563,307),(563,326),(347,326)
主义制度   (8,348),(80,348),(80,369),(8,369)
、   (91,348),(96,348),(96,369),(91,369)
推进国家治理体系和治理能力现代化的必然要求   (105,348),(479,348),(479,369),(105,369)
。   (487,348),(492,348),(492,369),(487,369)
The   (23,403),(47,403),(47,420),(23,420)
largest   (52,403),(100,403),(100,420),(52,420)
luxury   (105,403),(146,403),(146,420),(105,420)
goods   (156,403),(194,403),(194,420),(156,420)
deal   (200,403),(231,403),(231,420),(200,420)
to   (235,403),(244,403),(244,420),(235,420)
date   (254,403),(283,403),(283,420),(254,420)
gives   (291,403),(326,403),(326,420),(291,420)
LVMH   (331,403),(368,403),(368,420),(331,420)
'   (370,403),(374,403),(374,420),(370,420)
s   (376,403),(380,403),(380,420),(376,420)
billionaire   (385,403),(452,403),(452,420),(385,420)
owner   (459,403),(500,403),(500,420),(459,420)
Bernard   (508,403),(560,403),(560,420),(508,420)
Arnault   (21,425),(71,425),(71,442),(21,442)
a   (78,425),(82,425),(82,442),(78,442)
bigger   (90,425),(133,425),(133,442),(90,442)
slice   (142,425),(167,425),(167,442),(142,442)
of   (174,425),(190,425),(190,442),(174,442)
one   (195,425),(219,425),(219,442),(195,442)
of   (225,425),(238,425),(238,442),(225,442)
the   (242,425),(264,425),(264,442),(242,442)
fastest   (271,425),(317,425),(317,442),(271,442)
growing   (324,425),(377,425),(377,442),(324,442)
upmarket   (383,425),(450,425),(450,442),(383,442)
sectors   (456,425),(496,425),(496,442),(456,442)
.   (499,425),(503,425),(503,442),(499,442)
He   (20,467),(39,467),(39,482),(20,482)
said   (46,467),(69,467),(69,482),(46,482)
Tiffany   (80,467),(124,467),(124,482),(80,482)
had   (130,467),(153,467),(153,482),(130,482)
an   (162,467),(176,467),(176,482),(162,482)
"   (184,467),(187,467),(187,482),(184,482)
unparalleled   (191,467),(273,467),(273,482),(191,482)
heritage   (279,467),(338,467),(338,482),(279,482)
"   (339,467),(342,467),(342,482),(339,482)
and   (351,467),(375,467),(375,482),(351,482)
fitted   (383,467),(416,467),(416,482),(383,482)
with   (422,467),(448,467),(448,482),(422,482)
his   (458,467),(475,467),(475,482),(458,482)
other   (482,467),(518,467),(518,482),(482,482)
brands   (21,489),(68,489),(68,503),(21,503)
.   (69,489),(72,489),(72,503),(69,503)
Tiffany   (24,528),(67,528),(67,545),(24,545)
has   (71,528),(96,528),(96,545),(71,545)
been   (103,528),(134,528),(134,545),(103,545)
hit   (143,528),(160,528),(160,545),(143,545)
by   (164,528),(180,528),(180,545),(164,545)
lower   (188,528),(224,528),(224,545),(188,545)
spending   (232,528),(293,528),(293,545),(232,545)
by   (299,528),(315,528),(315,545),(299,545)
tourists   (323,528),(371,528),(371,545),(323,545)
and   (378,528),(403,528),(403,545),(378,545)
a   (410,528),(414,528),(414,545),(410,545)
strong   (424,528),(466,528),(466,545),(424,545)
US   (471,528),(490,528),(490,545),(471,545)
dollar   (497,528),(535,528),(535,545),(497,545)
.   (536,528),(540,528),(540,545),(536,545)
Tiffany   (22,570),(68,570),(68,587),(22,587)
is   (75,570),(82,570),(82,587),(75,587)
something   (90,570),(161,570),(161,587),(90,587)
of   (170,570),(182,570),(182,587),(170,587)
a   (188,570),(192,570),(192,587),(188,587)
New   (198,570),(226,570),(226,587),(198,587)
York   (235,570),(262,570),(262,587),(235,587)
institution   (271,570),(339,570),(339,587),(271,587)
and   (348,570),(370,570),(370,587),(348,587)
its   (378,570),(391,570),(391,587),(378,587)
flagship   (401,570),(451,570),(451,587),(401,587)
store   (459,570),(494,570),(494,587),(459,587)
is   (499,570),(508,570),(508,587),(499,587)
next   (513,570),(545,570),(545,587),(513,587)
to   (20,593),(30,593),(30,608),(20,608)
Trump   (41,593),(76,593),(76,608),(41,608)
Tower   (83,593),(124,593),(124,608),(83,608)
on   (129,593),(143,593),(143,608),(129,608)
5th   (152,593),(172,593),(172,608),(152,608)
Avenue   (181,593),(230,593),(230,608),(181,608)
.   (233,593),(236,593),(236,608),(233,608)
The   (244,593),(268,593),(268,608),(244,608)
company   (274,593),(334,593),(334,608),(274,608)
hit   (341,593),(357,593),(357,608),(341,608)
global   (367,593),(406,593),(406,608),(367,608)
fame   (412,593),(448,593),(448,608),(412,608)
after   (453,593),(484,593),(484,608),(453,608)
being   (489,593),(526,593),(526,608),(489,608)
featured   (23,613),(78,613),(78,628),(23,628)
in   (85,613),(92,613),(92,628),(85,628)
the   (104,613),(123,613),(123,628),(104,628)
1961   (131,613),(165,613),(165,628),(131,628)
Audrey   (171,613),(217,613),(217,628),(171,628)
Hepburn   (224,613),(280,613),(280,628),(224,628)
film   (291,613),(307,613),(307,628),(291,628)
Breakfast   (321,613),(388,613),(388,628),(321,628)
at   (394,613),(405,613),(405,628),(394,628)
Tiffany   (414,613),(458,613),(458,628),(414,628)
'   (461,613),(464,613),(464,628),(461,628)
s   (465,613),(468,613),(468,628),(465,628)
.   (472,613),(475,613),(475,628),(472,628)
ص   (562,639),(568,639),(568,662),(562,662)
اخلا   (517,639),(550,639),(550,662),(517,662)
اوړيرقت   (451,639),(516,639),(516,662),(451,662)
ياكريم   (387,639),(441,639),(441,662),(387,662)
الاپ   (353,639),(389,639),(389,662),(353,662)
اونلاسل   (282,639),(351,639),(351,662),(282,662)
جم   (265,639),(280,639),(280,662),(265,662)
يفتار   (203,639),(257,639),(257,662),(203,662)
اب   (182,639),(199,639),(199,662),(182,662)
ختس   (148,639),(178,639),(178,662),(148,662)
إلا   (117,639),(137,639),(137,662),(117,662)
تن   (101,639),(114,639),(114,662),(101,662)
جل   (82,639),(94,639),(94,662),(82,662)
ترشي   (21,639),(67,639),(67,662),(21,662)
علج   (533,681),(552,681),(552,708),(533,708)
،   (510,681),(517,681),(517,708),(510,708)
اين   (483,681),(510,681),(510,708),(483,708)
املری   (446,681),(481,681),(481,708),(446,708)
بهارت   (385,681),(435,681),(435,708),(385,708)
دلانيد   (335,681),(379,681),(379,708),(335,708)
سهيلا   (258,681),(330,681),(330,708),(258,708)
تيك   (237,681),(256,681),(256,708),(237,708)
لحم   (209,681),(231,681),(231,708),(209,708)
في   (192,681),(206,681),(206,708),(192,708)
الكما   (148,681),(177,681),(177,708),(148,708)
بیف   (124,681),(143,681),(143,708),(124,708)
قیقحتلاب   (25,681),(113,681),(113,708),(25,708)
الدليل   (516,719),(578,719),(578,751),(516,751)
الط   (460,719),(506,719),(506,751),(460,751)
مصنع   (396,719),(463,719),(463,751),(396,751)
مادختسال   (327,719),(392,719),(392,751),(327,751)
ار   (308,719),(313,719),(313,751),(308,751)
شا   (270,719),(298,719),(298,751),(270,751)
رعتسا   (214,719),(274,719),(274,751),(214,751)
ادمج   (186,719),(215,719),(215,751),(186,751)
لذت   (153,719),(185,719),(185,751),(153,751)
سيرلان   (67,719),(150,719),(150,751),(67,751)
هیف   (26,719),(54,719),(54,751),(26,751)
.   (332,763),(340,763),(340,794),(332,794)
2020   (294,763),(334,763),(334,794),(294,794)
يا   (267,763),(290,763),(290,794),(267,794)
اختنا   (213,763),(255,763),(255,794),(213,794)
يحف   (185,763),(207,763),(207,794),(185,794)
،   (175,763),(183,763),(183,794),(175,794)
وتحل   (136,763),(174,763),(174,794),(136,794)
صعل   (98,763),(132,763),(132,794),(98,794)
يللا   (19,763),(87,763),(87,794),(19,794)
هزار   (483,818),(516,818),(516,850),(483,850)
كوالا   (434,818),(475,818),(475,850),(434,850)
مريظن   (384,818),(429,818),(429,850),(384,850)
ولع   (339,818),(376,818),(376,850),(339,850)
طرتشا   (277,818),(334,818),(334,850),(277,850)
بھارت   (231,818),(278,818),(278,850),(231,850)
سریلانا   (133,818),(222,818),(222,850),(133,850)
بیرقتلا   (58,818),(136,818),(136,850),(58,850)
لاقي   (20,818),(59,818),(59,850),(20,850)
