また3位決定戦の第4試合で、まるでコーチのように伊藤美誠(スターツ)にアドバイ
スを送っていたことについて問われると、「自分を信じるように、 と話した」と答え
た。
編原はリオに入る前、銀メダルを獲得した2012年ロンドン五輪とはメダルの色を
換えたいと、繰り返し口にしていた。ロンドン超えの金メダルを蔓見ていた。
結果は銅メダルだったが、その表情にはラれしさと安堵の色がにじんでいた。
インタビューのたびに声を震わせていた福原だが、「銅メダルも金に相当する。だっ
て、銅の字を分解すると、『金と同じ』じゃない?」-。
中国メディアは改めて、福原の中国語能力の高さに感嘆していた。
在深入学刃貫初党的十九届四中全会精神之原,我1迎来第六介国家完
法日。弘拐完法精神, 村立発法叔威,全面貫初実施究法,是建没社会
主文法治国家的首要任多和基融性工作,也是堅持和完善中国特色社会
主文制度、推送国家治理体系和治理能力現代化的必然要求。.
The largest luxury goods deal to date gives LVMH's billionaire owner Bernard
Arnault a bigger slice of one of the fastest growing upmarket sectors.
He said Tiffany had an "unparalleled heritage" and fitted with his other
brands.
Tiffany has been hit by lower spending by tourists and a strong US dollar.
Tiffany is something of a New York institution and its flagship store is next
to Trump Tower on 5th Avenue. The company hit global fame after being
featured in the 1961 Audrey Hepburn film Breakfast at Tiffany's.
صاخل ادریرقت يكریمالا باونل سل جم يف تار اب ختس الا تن جل ترشن
واج ،این احلرب یمارت دل ان ود سييرلا قمك احم قين اكما يف قيق حتل اب
الخدتل ل ابلط بصنم مادختسال ارش رمتسا اده ج لذب سي يرلانأ ديف
2020.تاباختنا يف متحلصعل بنجل
من ارك ألا هریظن ولع طرتشا بمارت سی یلناریرقتل لاقر
   (10,5),(578,5),(578,845),(10,845)
また   (21,9),(46,9),(46,22),(21,22)
3   (51,9),(58,9),(58,20),(51,20)
位   (60,5),(78,5),(78,24),(60,24)
決定   (80,5),(103,5),(103,24),(80,24)
戦   (105,5),(124,5),(124,24),(105,24)
の   (126,5),(131,5),(131,24),(126,24)
第   (133,5),(141,5),(141,24),(133,24)
4   (148,9),(157,9),(157,20),(148,20)
試合   (159,5),(190,5),(190,24),(159,24)
で   (192,5),(204,5),(204,24),(192,24)
、   (204,18),(206,18),(206,21),(204,21)
まるで   (217,9),(256,9),(256,22),(217,22)
コーチ   (260,9),(297,9),(297,22),(260,22)
の   (301,11),(311,11),(311,20),(301,20)
よう   (314,9),(339,9),(339,22),(314,22)
に   (343,10),(345,10),(345,20),(343,20)
伊藤   (350,5),(386,5),(386,24),(350,24)
美誠   (388,5),(421,5),(421,24),(388,24)
(   (423,5),(432,5),(432,24),(423,24)
スターツ   (442,9),(478,9),(478,21),(442,21)
)   (484,10),(487,10),(487,21),(484,21)
に   (497,10),(508,10),(508,21),(497,21)
アドバイ   (511,9),(559,9),(559,22),(511,22)
ス   (21,32),(31,32),(31,41),(21,41)
を   (34,26),(49,26),(49,45),(34,45)
送っ   (64,35),(72,35),(72,42),(64,42)
て   (76,31),(85,31),(85,42),(76,42)
い   (91,32),(101,32),(101,42),(91,42)
た   (105,30),(116,30),(116,42),(105,42)
こと   (120,31),(142,31),(142,43),(120,43)
について   (147,31),(197,31),(197,42),(147,42)
問わ   (199,26),(229,26),(229,45),(199,45)
れる   (231,26),(255,26),(255,45),(231,45)
と   (260,31),(268,31),(268,43),(260,43)
、   (274,39),(276,39),(276,42),(274,42)
「   (292,30),(295,30),(295,41),(292,41)
自分   (301,30),(326,30),(326,43),(301,43)
を   (328,26),(342,26),(342,45),(328,45)
信じる   (344,26),(382,26),(382,45),(344,45)
よう   (400,30),(409,30),(409,42),(400,42)
に   (413,31),(424,31),(424,42),(413,42)
、   (428,39),(430,39),(430,42),(428,42)
と   (442,31),(450,31),(450,43),(442,43)
話し   (454,30),(478,30),(478,43),(454,43)
た   (483,30),(494,30),(494,42),(483,42)
」   (499,31),(502,31),(502,42),(499,42)
と   (512,31),(520,31),(520,43),(512,43)
答え   (524,30),(550,30),(550,43),(524,43)
た   (18,49),(37,50),(36,65),(17,64)
。   (48,54),(54,54),(54,61),(48,61)
編原   (33,67),(66,67),(66,86),(33,86)
は   (68,67),(76,67),(76,86),(68,86)
リオ   (79,71),(102,71),(102,84),(79,84)
に   (105,72),(107,72),(107,83),(105,83)
入る   (110,71),(143,71),(143,84),(110,84)
前   (146,71),(158,71),(158,84),(146,84)
、   (162,80),(164,80),(164,83),(162,83)
銀メダル   (174,71),(227,71),(227,84),(174,84)
を   (231,71),(241,71),(241,84),(231,84)
獲得   (244,71),(270,71),(270,84),(244,84)
し   (274,71),(282,71),(282,83),(274,83)
た   (287,71),(298,71),(298,83),(287,83)
2012   (303,71),(352,71),(352,82),(303,82)
年   (356,71),(368,71),(368,84),(356,84)
ロンドン   (372,71),(423,71),(423,83),(372,83)
五輪   (426,71),(452,71),(452,84),(426,84)
と   (456,72),(464,72),(464,84),(456,84)
は   (469,71),(479,71),(479,83),(469,83)
メダル   (482,71),(521,71),(521,84),(482,84)
の   (525,73),(535,73),(535,82),(525,82)
色   (538,71),(550,71),(550,84),(538,84)
を   (553,71),(563,71),(563,84),(553,84)
換え   (20,89),(49,89),(49,108),(20,108)
たい   (51,89),(79,89),(79,108),(51,108)
と   (78,93),(85,93),(85,105),(78,105)
、   (92,101),(94,101),(94,104),(92,104)
繰り返し   (104,92),(156,92),(156,105),(104,105)
口   (161,94),(171,94),(171,104),(161,104)
に   (175,93),(186,93),(186,104),(175,104)
し   (190,92),(198,92),(198,104),(190,104)
て   (202,93),(211,93),(211,104),(202,104)
い   (217,94),(227,94),(227,104),(217,104)
た   (231,92),(242,92),(242,104),(231,104)
。   (246,100),(249,100),(249,103),(246,103)
ロンドン   (251,89),(316,89),(316,108),(251,108)
超え   (318,89),(342,89),(342,108),(318,108)
の   (344,89),(352,89),(352,108),(344,108)
金メダル   (354,89),(416,89),(416,108),(354,108)
を   (418,89),(426,89),(426,108),(418,108)
蔓   (428,89),(442,89),(442,108),(428,108)
見   (444,89),(456,89),(456,108),(444,108)
て   (458,89),(469,89),(469,108),(458,108)
い   (469,94),(479,94),(479,104),(469,104)
た   (483,93),(494,93),(494,104),(483,104)
。   (498,100),(501,100),(501,103),(498,103)
結果   (34,113),(60,113),(60,126),(34,126)
は   (63,113),(73,113),(73,125),(63,125)
銅メダル   (76,113),(129,113),(129,126),(76,126)
だっ   (132,113),(156,113),(156,125),(132,125)
た   (160,109),(175,109),(175,128),(160,128)
が   (177,109),(188,109),(188,128),(177,128)
、   (190,122),(192,122),(192,125),(190,125)
その   (203,113),(227,113),(227,125),(203,125)
表情   (230,113),(261,113),(261,126),(230,126)
に   (264,115),(270,115),(270,124),(264,124)
は   (273,113),(283,113),(283,125),(273,125)
ラ   (288,113),(297,113),(297,125),(288,125)
れ   (300,113),(312,113),(312,126),(300,126)
し   (316,113),(324,113),(324,125),(316,125)
さ   (329,113),(338,113),(338,126),(329,126)
と   (344,114),(352,114),(352,126),(344,126)
安堵   (356,113),(382,113),(382,126),(356,126)
の   (384,109),(395,109),(395,128),(384,128)
色   (397,109),(415,109),(415,128),(397,128)
が   (417,109),(428,109),(428,128),(417,128)
にじん   (432,113),(465,113),(465,126),(432,126)
で   (468,114),(480,114),(480,125),(468,125)
い   (483,115),(493,115),(493,125),(483,125)
た   (497,113),(508,113),(508,125),(497,125)
。   (512,121),(515,121),(515,124),(512,124)
インタビュー   (35,134),(116,134),(116,147),(35,147)
の   (119,136),(129,136),(129,145),(119,145)
たび   (133,134),(158,134),(158,147),(133,147)
に   (161,135),(163,135),(163,146),(161,146)
声   (166,134),(186,134),(186,147),(166,147)
を   (189,134),(199,134),(199,147),(189,147)
震わせ   (202,134),(241,134),(241,147),(202,147)
て   (244,135),(253,135),(253,146),(244,146)
い   (259,136),(269,136),(269,146),(259,146)
た   (271,131),(285,131),(285,150),(271,150)
福原   (287,131),(318,131),(318,150),(287,150)
だ   (320,131),(332,131),(332,150),(320,150)
が   (334,131),(342,131),(342,150),(334,150)
、   (344,143),(346,143),(346,146),(344,146)
「   (362,134),(365,134),(365,145),(362,145)
銅メダル   (370,134),(423,134),(423,147),(370,147)
も   (428,134),(437,134),(437,147),(428,147)
金   (440,134),(457,134),(457,147),(440,147)
に   (459,131),(468,131),(468,150),(459,150)
相当   (470,131),(502,131),(502,150),(470,150)
する   (511,134),(521,134),(521,146),(511,146)
。   (526,142),(529,142),(529,145),(526,145)
だっ   (538,134),(562,134),(562,146),(538,146)
て   (21,156),(29,156),(29,167),(21,167)
、   (36,164),(38,164),(38,167),(36,167)
銅   (48,155),(60,155),(60,168),(48,168)
の   (63,157),(73,157),(73,166),(63,166)
字   (76,155),(88,155),(88,168),(76,168)
を   (91,155),(101,155),(101,168),(91,168)
分解   (103,152),(129,152),(129,170),(103,170)
する   (133,155),(157,155),(157,168),(133,168)
と   (162,156),(170,156),(170,168),(162,168)
、   (176,164),(178,164),(178,167),(176,167)
『   (194,155),(198,155),(198,167),(194,167)
金   (202,155),(214,155),(214,168),(202,168)
と   (218,156),(226,156),(226,168),(218,168)
同じ   (231,155),(256,155),(256,168),(231,168)
』   (260,155),(264,155),(264,167),(260,167)
じゃ   (275,155),(297,155),(297,167),(275,167)
ない   (301,156),(325,156),(325,168),(301,168)
?   (330,156),(336,156),(336,167),(330,167)
」   (345,156),(348,156),(348,167),(345,167)
-   (353,152),(363,152),(363,170),(353,170)
。   (372,163),(375,163),(375,166),(372,166)
中国   (32,172),(66,172),(66,190),(32,190)
メディア   (76,175),(115,175),(115,188),(76,188)
は   (119,175),(129,175),(129,187),(119,187)
改めて   (132,175),(169,175),(169,188),(132,188)
、   (176,184),(178,184),(178,187),(176,187)
福原   (182,172),(221,172),(221,190),(182,190)
の   (223,172),(228,172),(228,190),(223,190)
中国語   (230,172),(275,172),(275,190),(230,190)
能力   (277,172),(304,172),(304,190),(277,190)
の   (306,172),(310,172),(310,190),(306,190)
高   (314,175),(326,175),(326,188),(314,188)
さ   (329,175),(338,175),(338,188),(329,188)
に   (343,176),(345,176),(345,187),(343,187)
感嘆   (348,175),(382,175),(382,188),(348,188)
し   (386,175),(394,175),(394,187),(386,187)
て   (398,176),(407,176),(407,187),(398,187)
い   (413,177),(423,177),(423,187),(413,187)
た   (427,175),(438,175),(438,187),(427,187)
。   (442,183),(445,183),(445,186),(442,186)
在   (21,226),(36,226),(36,242),(21,242)
深   (39,227),(54,227),(54,242),(39,242)
入学   (57,226),(90,226),(90,242),(57,242)
刃   (94,227),(106,227),(106,241),(94,241)
貫   (111,226),(126,226),(126,242),(111,242)
初   (129,226),(144,226),(144,242),(129,242)
党   (147,226),(162,226),(162,242),(147,242)
的   (166,226),(180,226),(180,242),(166,242)
十九   (183,226),(216,226),(216,242),(183,242)
届   (219,227),(233,227),(233,242),(219,242)
四中全会   (238,226),(306,226),(306,242),(238,242)
精神   (309,226),(342,226),(342,242),(309,242)
之原   (345,227),(378,227),(378,242),(345,242)
,   (382,237),(384,237),(384,241),(382,241)
我   (395,226),(410,226),(410,242),(395,242)
1   (413,226),(427,226),(427,242),(413,242)
迎来   (430,226),(464,226),(464,242),(430,242)
第   (467,226),(482,226),(482,242),(467,242)
六   (485,226),(500,226),(500,240),(485,240)
介   (503,226),(518,226),(518,242),(503,242)
国家   (522,226),(554,226),(554,242),(522,242)
完   (557,226),(571,226),(571,242),(557,242)
法   (21,268),(36,268),(36,283),(21,283)
日   (41,269),(52,269),(52,283),(41,283)
。   (58,279),(62,279),(62,282),(58,282)
弘   (75,269),(89,269),(89,283),(75,283)
拐完   (92,268),(125,268),(125,284),(92,284)
法   (128,268),(143,268),(143,283),(128,283)
精神   (146,268),(179,268),(179,284),(146,284)
,   (183,279),(185,279),(185,283),(183,283)
村立   (199,268),(232,268),(232,284),(199,284)
発   (235,268),(249,268),(249,284),(235,284)
法   (253,268),(268,268),(268,283),(253,283)
叔威   (271,268),(304,268),(304,284),(271,284)
,   (308,279),(310,279),(310,283),(308,283)
全面   (324,268),(357,268),(357,284),(324,284)
貫   (360,268),(374,268),(374,284),(360,284)
初   (378,268),(393,268),(393,284),(378,284)
実施   (396,268),(429,268),(429,284),(396,284)
究法   (432,268),(465,268),(465,284),(432,284)
,   (469,279),(471,279),(471,283),(469,283)
是建没   (485,268),(536,268),(536,284),(485,284)
社会   (539,268),(572,268),(572,284),(539,284)
主文   (21,309),(54,309),(54,325),(21,325)
法治   (57,309),(90,309),(90,324),(57,324)
国家   (94,309),(126,309),(126,325),(94,325)
的首   (130,309),(162,309),(162,325),(130,325)
要任   (165,309),(198,309),(198,325),(165,325)
多和   (201,309),(233,309),(233,325),(201,325)
基融   (237,309),(270,309),(270,324),(237,324)
性   (273,309),(288,309),(288,325),(273,325)
工作   (291,309),(324,309),(324,325),(291,325)
,   (328,320),(330,320),(330,324),(328,324)
也是   (341,309),(373,309),(373,324),(341,324)
堅持   (377,309),(410,309),(410,325),(377,325)
和   (413,310),(427,310),(427,325),(413,325)
完善   (431,309),(464,309),(464,325),(431,325)
中国   (468,309),(499,309),(499,325),(468,325)
特色   (502,309),(536,309),(536,325),(502,325)
社会   (539,309),(572,309),(572,325),(539,325)
主文   (21,351),(54,351),(54,367),(21,367)
制度   (57,351),(90,351),(90,367),(57,367)
、   (94,362),(98,362),(98,365),(94,365)
推送   (111,351),(144,351),(144,367),(111,367)
国家   (148,351),(180,351),(180,367),(148,367)
治理   (183,352),(216,352),(216,366),(183,366)
体系   (219,351),(251,351),(251,367),(219,367)
和治   (255,352),(288,352),(288,367),(255,367)
理   (291,352),(306,352),(306,366),(291,366)
能力   (309,351),(341,351),(341,367),(309,367)
現代   (345,351),(378,351),(378,367),(345,367)
化   (381,351),(396,351),(396,367),(381,367)
的   (400,351),(414,351),(414,367),(400,367)
必然   (417,351),(450,351),(450,366),(417,366)
要求   (453,351),(486,351),(486,367),(453,367)
。.   (490,360),(510,360),(510,365),(490,365)
The   (20,406),(44,406),(44,416),(20,416)
largest   (52,406),(98,406),(98,419),(52,419)
luxury   (105,406),(146,406),(146,419),(105,419)
goods   (153,406),(193,406),(193,419),(153,419)
deal   (200,406),(227,406),(227,416),(200,416)
to   (234,407),(246,407),(246,416),(234,416)
date   (253,406),(282,406),(282,416),(253,416)
gives   (289,407),(324,407),(324,419),(289,419)
LVMH's   (331,406),(379,406),(379,416),(331,416)
billionaire   (387,406),(452,406),(452,416),(387,416)
owner   (459,409),(501,409),(501,416),(459,416)
Bernard   (508,406),(560,406),(560,416),(508,416)
Arnault   (20,427),(71,427),(71,440),(20,440)
a   (77,430),(82,430),(82,437),(77,437)
bigger   (90,427),(133,427),(133,440),(90,440)
slice   (139,427),(168,427),(168,437),(139,437)
of   (174,427),(187,427),(187,437),(174,437)
one   (193,430),(217,430),(217,437),(193,437)
of   (224,427),(236,427),(236,437),(224,437)
the   (242,427),(263,427),(263,437),(242,437)
fastest   (269,427),(315,427),(315,437),(269,437)
growing   (322,428),(375,428),(375,440),(322,440)
upmarket   (383,427),(449,427),(449,440),(383,440)
sectors.   (451,424),(500,424),(500,442),(451,442)
He   (21,470),(37,470),(37,479),(21,479)
said   (44,469),(70,469),(70,479),(44,479)
Tiffany   (77,469),(123,469),(123,482),(77,482)
had   (131,469),(154,469),(154,479),(131,479)
an   (161,472),(176,472),(176,479),(161,479)
"unparalleled   (184,469),(273,469),(273,482),(184,482)
heritage"   (281,469),(343,469),(343,482),(281,482)
and   (350,469),(374,469),(374,479),(350,479)
fitted   (381,469),(415,469),(415,479),(381,479)
with   (423,469),(450,469),(450,479),(423,479)
his   (458,469),(476,469),(476,479),(458,479)
other   (483,469),(518,469),(518,479),(483,479)
brands.   (19,487),(73,487),(73,502),(19,502)
Tiffany   (20,531),(67,531),(67,544),(20,544)
has   (74,531),(96,531),(96,541),(74,541)
been   (103,531),(135,531),(135,541),(103,541)
hit   (142,531),(159,531),(159,541),(142,541)
by   (166,531),(180,531),(180,544),(166,544)
lower   (188,531),(224,531),(224,541),(188,541)
spending   (230,531),(291,531),(291,544),(230,544)
by   (299,531),(314,531),(314,544),(299,544)
tourists   (320,532),(371,532),(371,541),(320,541)
and   (378,531),(401,531),(401,541),(378,541)
a   (409,534),(415,534),(415,541),(409,541)
strong   (422,532),(465,532),(465,544),(422,544)
US   (473,532),(490,532),(490,541),(473,541)
dollar.   (497,531),(547,531),(547,541),(497,541)
Tiffany   (20,573),(66,573),(66,586),(20,586)
is   (74,574),(82,574),(82,583),(74,583)
something   (90,573),(160,573),(160,586),(90,586)
of   (168,573),(180,573),(180,583),(168,583)
a   (186,576),(192,576),(192,583),(186,583)
New   (200,574),(228,574),(228,583),(200,583)
York   (234,573),(264,573),(264,583),(234,583)
institution   (272,574),(339,574),(339,583),(272,583)
and   (346,573),(370,573),(370,583),(346,583)
its   (378,574),(392,574),(392,583),(378,583)
flagship   (399,573),(451,573),(451,586),(399,586)
store   (458,574),(492,574),(492,583),(458,583)
is   (499,574),(508,574),(508,583),(499,583)
next   (515,574),(544,574),(544,583),(515,583)
to   (20,595),(32,595),(32,604),(20,604)
Trump   (39,596),(75,596),(75,606),(39,606)
Tower   (81,595),(123,595),(123,604),(81,604)
on   (130,597),(145,597),(145,604),(130,604)
5th   (152,594),(173,594),(173,604),(152,604)
Avenue.   (180,595),(234,595),(234,604),(180,604)
The   (241,594),(266,594),(266,604),(241,604)
company   (273,597),(335,597),(335,607),(273,607)
hit   (342,594),(358,594),(358,604),(342,604)
global   (365,594),(404,594),(404,607),(365,607)
fame   (411,594),(445,594),(445,604),(411,604)
after   (452,594),(484,594),(484,604),(452,604)
being   (491,594),(526,594),(526,607),(491,607)
featured   (20,615),(77,615),(77,625),(20,625)
in   (85,616),(95,616),(95,625),(85,625)
the   (102,615),(123,615),(123,625),(102,625)
1961   (131,616),(163,616),(163,625),(131,625)
Audrey   (170,615),(218,615),(218,628),(170,628)
Hepburn   (226,615),(283,615),(283,628),(226,628)
film   (290,615),(314,615),(314,625),(290,625)
Breakfast   (322,615),(386,615),(386,625),(322,625)
at   (393,616),(405,616),(405,625),(393,625)
Tiffany's.   (410,612),(474,612),(474,629),(410,629)
صاخل   (521,639),(571,639),(571,662),(521,662)
ادریرقت   (445,639),(519,639),(519,662),(445,662)
يكریمالا   (365,639),(443,639),(443,662),(365,662)
باونل   (309,639),(363,639),(363,662),(309,662)
سل   (281,639),(307,639),(307,662),(281,662)
جم   (261,639),(279,639),(279,662),(261,662)
يف   (225,639),(259,639),(259,662),(225,662)
تار   (201,639),(223,639),(223,662),(201,662)
اب   (181,639),(199,639),(199,662),(181,662)
ختس   (141,639),(179,639),(179,662),(141,662)
الا   (113,639),(139,639),(139,662),(113,662)
تن   (97,639),(111,639),(111,662),(97,662)
جل   (73,639),(95,639),(95,662),(73,662)
ترشن   (10,639),(71,639),(71,662),(10,662)
واج   (521,681),(555,681),(555,704),(521,704)
،این   (485,681),(519,681),(519,704),(485,704)
احلرب   (437,681),(483,681),(483,704),(437,704)
یمارت   (381,681),(435,681),(435,704),(381,704)
دل   (365,681),(379,681),(379,704),(365,704)
ان   (349,681),(363,681),(363,704),(349,704)
ود   (329,681),(347,681),(347,704),(329,704)
سييرلا   (257,681),(327,681),(327,704),(257,704)
قمك   (233,681),(255,681),(255,704),(233,704)
احم   (205,681),(231,681),(231,704),(205,704)
قين   (181,681),(203,681),(203,704),(181,704)
اكما   (145,681),(179,681),(179,704),(145,704)
يف   (113,681),(143,681),(143,704),(113,704)
قيق   (73,681),(111,681),(111,704),(73,704)
حتل   (41,681),(71,681),(71,704),(41,704)
اب   (16,681),(39,681),(39,704),(16,704)
الخدتل ل   (508,722),(578,722),(578,744),(508,744)
ابلط   (462,722),(505,722),(505,744),(462,744)
بصنم   (397,722),(451,722),(451,744),(397,744)
مادختسال   (320,722),(394,722),(394,744),(320,744)
ارش   (274,722),(317,722),(317,744),(274,744)
رمتسا   (216,722),(271,722),(271,744),(216,744)
اده   (197,722),(214,722),(214,744),(197,744)
ج   (186,722),(195,722),(195,744),(186,744)
لذب   (147,722),(183,722),(183,744),(147,744)
سي   (117,722),(145,722),(145,744),(117,744)
يرلانأ   (55,722),(114,722),(114,744),(55,744)
ديف   (15,722),(53,722),(53,744),(15,744)
2020.   (290,765),(336,765),(336,787),(290,787)
تاباختنا   (211,768),(288,768),(288,786),(211,786)
يف   (177,770),(206,770),(206,786),(177,786)
متحلصعل   (92,767),(171,767),(171,786),(92,786)
بنجل   (20,766),(87,766),(87,786),(20,786)
من   (492,822),(514,822),(514,845),(492,845)
ارك   (460,822),(490,822),(490,845),(460,845)
ألا   (436,822),(454,822),(454,845),(436,845)
هریظن   (380,822),(434,822),(434,845),(380,845)
ولع   (340,822),(378,822),(378,845),(340,845)
طرتشا   (276,822),(334,822),(334,845),(276,845)
بمارت   (224,822),(274,822),(274,845),(224,845)
سی   (196,822),(222,822),(222,845),(196,845)
یلناریرقتل   (60,822),(194,822),(194,845),(60,845)
لاقر   (12,822),(58,822),(58,845),(12,845)
